36234
36490
36746
37002
37258
37514
37770
38026
36235
36491
36747
37003
37259
37515
37771
38027
36236
36492
36748
37004
37260
37516
37772
38028
36237
36493
36749
37005
37261
37517
37773
38029
36238
36494
36750
37006
37262
37518
37774
38030
36239
36495
36751
37007
37263
37519
37775
38031
36240
36496
36752
37008
37264
37520
37776
38032
36241
36497
36753
37009
37265
37521
37777
38033
36242
36498
36754
37010
37266
37522
37778
38034
36243
36499
36755
37011
37267
37523
37779
38035
36244
36500
36756
37012
37268
37524
37780
38036
36245
36501
36757
37013
37269
37525
37781
38037
36246
36502
36758
37014
37270
37526
37782
38038
36247
36503
36759
37015
37271
37527
37783
38039
36248
36504
36760
37016
37272
37528
37784
38040
36249
36505
36761
37017
37273
37529
37785
38041
36250
36506
36762
37018
37274
37530
37786
38042
36251
36507
36763
37019
37275
37531
37787
38043
36252
36508
36764
37020
37276
37532
37788
38044
36253
36509
36765
37021
37277
37533
37789
38045
36254
36510
36766
37022
37278
37534
37790
38046
36255
36511
36767
37023
37279
37535
37791
38047
36256
36512
36768
37024
37280
37536
37792
38048
36257
36513
36769
37025
37281
37537
37793
38049
36258
36514
36770
37026
37282
37538
37794
38050
36259
36515
36771
37027
37283
37539
37795
38051
36260
36516
36772
37028
37284
37540
37796
38052
36261
36517
36773
37029
37285
37541
37797
38053
36262
36518
36774
37030
37286
37542
37798
38054
36263
36519
36775
37031
37287
37543
37799
38055
36264
36520
36776
37032
37288
37544
37800
38056
36265
36521
36777
37033
37289
37545
37801
38057
36266
36522
36778
37034
37290
37546
37802
38058
36267
36523
36779
37035
37291
37547
37803
38059
36268
36524
36780
37036
37292
37548
37804
38060
36269
36525
36781
37037
37293
37549
37805
38061
36270
36526
36782
37038
37294
37550
37806
38062
36271
36527
36783
37039
37295
37551
37807
38063
36272
36528
36784
37040
37296
37552
37808
38064
36273
36529
36785
37041
37297
37553
37809
38065
36274
36530
36786
37042
37298
37554
37810
38066
36275
36531
36787
37043
37299
37555
37811
38067
36276
36532
36788
37044
37300
37556
37812
38068
36277
36533
36789
37045
37301
37557
37813
38069
36278
36534
36790
37046
37302
37558
37814
38070
36279
36535
36791
37047
37303
37559
37815
38071
36280
36536
36792
37048
37304
37560
37816
38072
36281
36537
36793
37049
37305
37561
37817
38073
36282
36538
36794
37050
37306
37562
37818
38074
36283
36539
36795
37051
37307
37563
37819
38075
36284
36540
36796
37052
37308
37564
37820
38076
36285
36541
36797
37053
37309
37565
37821
38077
36286
36542
36798
37054
37310
37566
37822
38078
36287
36543
36799
37055
37311
37567
37823
38079
36288
36544
36800
37056
37312
37568
37824
38080
36289
36545
36801
37057
37313
37569
37825
38081
36290
36546
36802
37058
37314
37570
37826
38082
36291
36547
36803
37059
37315
37571
37827
38083
36292
36548
36804
37060
37316
37572
37828
38084
36293
36549
36805
37061
37317
37573
37829
38085
36294
36550
36806
37062
37318
37574
37830
38086
36295
36551
36807
37063
37319
37575
37831
38087
36296
36552
36808
37064
37320
37576
37832
38088
36297
36553
36809
37065
37321
37577
37833
38089
36298
36554
36810
37066
37322
37578
37834
38090
36299
36555
36811
37067
37323
37579
37835
38091
36300
36556
36812
37068
37324
37580
37836
38092
36301
36557
36813
37069
37325
37581
37837
38093
36302
36558
36814
37070
37326
37582
37838
38094
36303
36559
36815
37071
37327
37583
37839
38095
36304
36560
36816
37072
37328
37584
37840
38096
36305
36561
36817
37073
37329
37585
37841
38097
36306
36562
36818
37074
37330
37586
37842
38098
36307
36563
36819
37075
37331
37587
37843
38099
36308
36564
36820
37076
37332
37588
37844
38100
36309
36565
36821
37077
37333
37589
37845
38101
36310
36566
36822
37078
37334
37590
37846
38102
36311
36567
36823
37079
37335
37591
37847
38103
36312
36568
36824
37080
37336
37592
37848
38104
36313
36569
36825
37081
37337
37593
37849
38105
36314
36570
36826
37082
37338
37594
37850
38106
36315
36571
36827
37083
37339
37595
37851
38107
36316
36572
36828
37084
37340
37596
37852
38108
36317
36573
36829
37085
37341
37597
37853
38109
36318
36574
36830
37086
37342
37598
37854
38110
36319
36575
36831
37087
37343
37599
37855
38111
36320
36576
36832
37088
37344
37600
37856
38112
36321
36577
36833
37089
37345
37601
37857
38113
36322
36578
36834
37090
37346
37602
37858
38114
36323
36579
36835
37091
37347
37603
37859
38115
36324
36580
36836
37092
37348
37604
37860
38116
36325
36581
36837
37093
37349
37605
37861
38117
36326
36582
36838
37094
37350
37606
37862
38118
36327
36583
36839
37095
37351
37607
37863
38119
36328
36584
36840
37096
37352
37608
37864
38120
36329
36585
36841
37097
37353
37609
37865
38121
36330
36586
36842
37098
37354
37610
37866
38122
36331
36587
36843
37099
37355
37611
37867
38123
36332
36588
36844
37100
37356
37612
37868
38124
36333
36589
36845
37101
37357
37613
37869
38125
36334
36590
36846
37102
37358
37614
37870
38126
36335
36591
36847
37103
37359
37615
37871
38127
36336
36592
36848
37104
37360
37616
37872
38128
36337
36593
36849
37105
37361
37617
37873
38129
36338
36594
36850
37106
37362
37618
37874
38130
36339
36595
36851
37107
37363
37619
37875
38131
36340
36596
36852
37108
37364
37620
37876
38132
36341
36597
36853
37109
37365
37621
37877
38133
36342
36598
36854
37110
37366
37622
37878
38134
36343
36599
36855
37111
37367
37623
37879
38135
36344
36600
36856
37112
37368
37624
37880
38136
36345
36601
36857
37113
37369
37625
37881
38137
36346
36602
36858
37114
37370
37626
37882
38138
36347
36603
36859
37115
37371
37627
37883
38139
36348
36604
36860
37116
37372
37628
37884
38140
36349
36605
36861
37117
37373
37629
37885
38141
36350
36606
36862
37118
37374
37630
37886
38142
36351
36607
36863
37119
37375
37631
37887
38143
36352
36608
36864
37120
37376
37632
37888
38144
36353
36609
36865
37121
37377
37633
37889
38145
36354
36610
36866
37122
37378
37634
37890
38146
36355
36611
36867
37123
37379
37635
37891
38147
36356
36612
36868
37124
37380
37636
37892
38148
36357
36613
36869
37125
37381
37637
37893
38149
36358
36614
36870
37126
37382
37638
37894
38150
36359
36615
36871
37127
37383
37639
37895
38151
36360
36616
36872
37128
37384
37640
37896
38152
36361
36617
36873
37129
37385
37641
37897
38153
36362
36618
36874
37130
37386
37642
37898
38154
36363
36619
36875
37131
37387
37643
37899
38155
36364
36620
36876
37132
37388
37644
37900
38156
36365
36621
36877
37133
37389
37645
37901
38157
36366
36622
36878
37134
37390
37646
37902
38158
36367
36623
36879
37135
37391
37647
37903
38159
36368
36624
36880
37136
37392
37648
37904
38160
36369
36625
36881
37137
37393
37649
37905
38161
36370
36626
36882
37138
37394
37650
37906
38162
36371
36627
36883
37139
37395
37651
37907
38163
36372
36628
36884
37140
37396
37652
37908
38164
36373
36629
36885
37141
37397
37653
37909
38165
36374
36630
36886
37142
37398
37654
37910
38166
36375
36631
36887
37143
37399
37655
37911
38167
36376
36632
36888
37144
37400
37656
37912
38168
36377
36633
36889
37145
37401
37657
37913
38169
36378
36634
36890
37146
37402
37658
37914
38170
36379
36635
36891
37147
37403
37659
37915
36380
36636
36892
37148
37404
37660
37916
36381
36637
36893
37149
37405
37661
37917
36382
36638
36894
37150
37406
37662
37918
36383
36639
36895
37151
37407
37663
37919
36384
36640
36896
37152
37408
37664
37920
36385
36641
36897
37153
37409
37665
37921
36386
36642
36898
37154
37410
37666
37922
36387
36643
36899
37155
37411
37667
37923
36388
36644
36900
37156
37412
37668
37924
36389
36645
36901
37157
37413
37669
37925
36390
36646
36902
37158
37414
37670
37926
36391
36647
36903
37159
37415
37671
37927
36392
36648
36904
37160
37416
37672
37928
36393
36649
36905
37161
37417
37673
37929
36394
36650
36906
37162
37418
37674
37930
36395
36651
36907
37163
37419
37675
37931
36396
36652
36908
37164
37420
37676
37932
36397
36653
36909
37165
37421
37677
37933
36398
36654
36910
37166
37422
37678
37934
36399
36655
36911
37167
37423
37679
37935
36400
36656
36912
37168
37424
37680
37936
36401
36657
36913
37169
37425
37681
37937
36402
36658
36914
37170
37426
37682
37938
36403
36659
36915
37171
37427
37683
37939
36404
36660
36916
37172
37428
37684
37940
36405
36661
36917
37173
37429
37685
37941
36406
36662
36918
37174
37430
37686
37942
36407
36663
36919
37175
37431
37687
37943
36408
36664
36920
37176
37432
37688
37944
36409
36665
36921
37177
37433
37689
37945
36410
36666
36922
37178
37434
37690
37946
36411
36667
36923
37179
37435
37691
37947
36412
36668
36924
37180
37436
37692
37948
36413
36669
36925
37181
37437
37693
37949
36414
36670
36926
37182
37438
37694
37950
36415
36671
36927
37183
37439
37695
37951
36416
36672
36928
37184
37440
37696
37952
36417
36673
36929
37185
37441
37697
37953
36418
36674
36930
37186
37442
37698
37954
36419
36675
36931
37187
37443
37699
37955
36420
36676
36932
37188
37444
37700
37956
36421
36677
36933
37189
37445
37701
37957
36422
36678
36934
37190
37446
37702
37958
36423
36679
36935
37191
37447
37703
37959
36424
36680
36936
37192
37448
37704
37960
36425
36681
36937
37193
37449
37705
37961
36426
36682
36938
37194
37450
37706
37962
36427
36683
36939
37195
37451
37707
37963
36428
36684
36940
37196
37452
37708
37964
36429
36685
36941
37197
37453
37709
37965
36430
36686
36942
37198
37454
37710
37966
36431
36687
36943
37199
37455
37711
37967
36432
36688
36944
37200
37456
37712
37968
36433
36689
36945
37201
37457
37713
37969
36434
36690
36946
37202
37458
37714
37970
36435
36691
36947
37203
37459
37715
37971
36436
36692
36948
37204
37460
37716
37972
36437
36693
36949
37205
37461
37717
37973
36438
36694
36950
37206
37462
37718
37974
36439
36695
36951
37207
37463
37719
37975
36440
36696
36952
37208
37464
37720
37976
36441
36697
36953
37209
37465
37721
37977
36442
36698
36954
37210
37466
37722
37978
36443
36699
36955
37211
37467
37723
37979
36444
36700
36956
37212
37468
37724
37980
36445
36701
36957
37213
37469
37725
37981
36446
36702
36958
37214
37470
37726
37982
36447
36703
36959
37215
37471
37727
37983
36448
36704
36960
37216
37472
37728
37984
36449
36705
36961
37217
37473
37729
37985
36450
36706
36962
37218
37474
37730
37986
36451
36707
36963
37219
37475
37731
37987
36452
36708
36964
37220
37476
37732
37988
36453
36709
36965
37221
37477
37733
37989
36454
36710
36966
37222
37478
37734
37990
36455
36711
36967
37223
37479
37735
37991
36456
36712
36968
37224
37480
37736
37992
36457
36713
36969
37225
37481
37737
37993
36458
36714
36970
37226
37482
37738
37994
36459
36715
36971
37227
37483
37739
37995
36460
36716
36972
37228
37484
37740
37996
36461
36717
36973
37229
37485
37741
37997
36462
36718
36974
37230
37486
37742
37998
36463
36719
36975
37231
37487
37743
37999
36464
36720
36976
37232
37488
37744
38000
36465
36721
36977
37233
37489
37745
38001
36466
36722
36978
37234
37490
37746
38002
36467
36723
36979
37235
37491
37747
38003
36468
36724
36980
37236
37492
37748
38004
36469
36725
36981
37237
37493
37749
38005
36470
36726
36982
37238
37494
37750
38006
36471
36727
36983
37239
37495
37751
38007
36472
36728
36984
37240
37496
37752
38008
36473
36729
36985
37241
37497
37753
38009
36474
36730
36986
37242
37498
37754
38010
36475
36731
36987
37243
37499
37755
38011
36476
36732
36988
37244
37500
37756
38012
36477
36733
36989
37245
37501
37757
38013
36478
36734
36990
37246
37502
37758
38014
36479
36735
36991
37247
37503
37759
38015
36480
36736
36992
37248
37504
37760
38016
36481
36737
36993
37249
37505
37761
38017
36482
36738
36994
37250
37506
37762
38018
36483
36739
36995
37251
37507
37763
38019
36484
36740
36996
37252
37508
37764
38020
36485
36741
36997
37253
37509
37765
38021
36486
36742
36998
37254
37510
37766
38022
36487
36743
36999
37255
37511
37767
38023
36488
36744
37000
37256
37512
37768
38024
36489
36745
37001
37257
37513
37769
38025
